3 2800 255
3 5300 595
4 291 600
4 3200 600
4 2150 600
5 1018 600
5 4700 600
6 401 585
6 790 585
6 2235 585
6 2600 585
6 3000 245
6 4510 295
6 5000 245
6 5400 585
6 5100 585
6 5550 245
8 1152 585
8 2065 585
8 3100 585
8 3500 585
8 3700 585
8 6000 585
1 250 695
1 250 695
1 750 695
1 1250 695
1 2000 695
1 2500 695
1 3000 695
1 3650 695
1 4350 695
1 4850 695
1 5350 695
1 5850 695
2 600 400
2 1100 325
2 2000 325
2 2500 375
2 2950 325
2 3600 375
2 4500 375
2 5000 325
2 5550 325
101 442 304
3 1175 255
3 5300 494
3 1925 255
3 3525 305
3 4420 305
