3 313 594
3 977 594
3 500 595
4 1360 527
4 1360 545
4 1360 636
4 1450 527
4 1450 545
4 1450 636
5 4350 600
6 621 584
6 1067 584
6 3100 584
6 4188 319
6 4720 244
8 1158 584
8 2800 584
8 5600 584
8 6000 584
8 5000 584
1 250 695
1 250 695
1 750 695
1 1250 695
1 2500 695
1 3000 695
1 3800 695
1 4300 695
1 4800 695
1 5300 695
1 5800 695
2 900 470
2 1400 300
2 2000 325
2 2500 375
2 2950 325
2 4050 400
2 4600 325
2 5050 100
2 5400 375
101 422 344
102 150 569
3 2075 255
3 975 399
3 2525 305
3 2700 594
3 4630 255
3 1475 230
3 4098 329
3 3750 594
6 -10 2490
