1 250.0 695.0
1 750.0 695.0
1 1250.0 695.0
1 2500.0 695.0
1 3000.0 695.0
1 3650.0 695.0
1 4350.0 695.0
1 4850.0 695.0
1 5350.0 695.0
1 5850.0 695.0

2 900.0 470.0
2 2000.0 325.0
2 2500.0 375.0
2 2950.0 325.0
2 1400.0 300.0

3 300.0 605.0
3 1000.0 605.0
3 500.0 500.0

4 1360.0 650.0
4 1360.0 600.0
4 1360.0 550.0		
4 1450.0 650.0
4 1450.0 650.0
4 1450.0 650.0

5 4700.0 600.0

6 500.0 800.0
6 800.0 605.0
6 650.0 650.0
6 700.0 800.0

7 400.0 600.0

8 600.0 500.0
8 900.0 600.0

9 50.0 0.0
