3 300 595
3 925 595
4 3200 600
5 4700 600
7 1173 62307
7 1097 77616
8 1007 37267
1 250 695
1 250 695
1 750 695
1 1250 695
1 2000 695
1 2500 695
1 3000 695
1 3650 695
1 4350 695
1 4850 695
1 5350 695
1 5850 695
2 600 400
2 1100 325
2 2000 325
2 2500 375
2 2950 325
2 3600 375
2 4500 375
2 5000 325
2 5550 325
9 1742 2348
10 -7536 1
10 -7959 2
6 1203 16597
6 1115 53003
6 1315 52994
6 1180 87234
10 -4837 672
10 1508 -2286
10 1001 5999
10 983 34421
6 1398 585
6 835 585
6 1499 585
6 1030 585
10 1143 49280
