3 301 595
3 938 595
3 527 595
4 1360 512
4 1360 423
4 1360 602
4 1450 512
4 1450 423
4 1450 602
5 4350 600
6 680 585
6 1027 585
6 3100 585
6 4125 320
6 4720 245
8 1107 585
8 2800 585
8 5600 585
8 6000 585
8 5000 585
1 250 695
1 250 695
1 750 695
1 1250 695
1 2500 695
1 3000 695
1 3800 695
1 4300 695
1 4800 695
1 5300 695
1 5800 695
2 900 470
2 1400 300
2 2000 325
2 2500 375
2 2950 325
2 4050 400
2 4600 325
2 5050 100
2 5400 375
101 819 375
3 2075 255
3 975 400
3 2525 305
3 2700 595
3 4630 255
6 439 586
6 817 838
